1 26.630000 91.823500 1
1 43.120000 78.849100 1
1 41.060000 67.986400 1
2 57.030000 13.587800 2
1 23.360000 50.737000 2
1 5.580000 63.978000 2
2 47.840000 15.507300 2
2 68.210000 25.406100 2
2 44.760000 3.293000 2
1 69.040000 73.540100 1
1 49.680000 78.665900 1
1 33.250000 66.216200 1
2 69.420000 15.247500 2
2 77.710000 35.839600 2
2 85.890000 46.889400 2
2 92.000000 9.232400 2
1 30.730000 98.011700 1
1 49.230000 88.747600 2
1 43.430000 51.256400 1
1 56.100000 97.618100 1
2 11.280000 5.801200 2
2 75.090000 30.610900 1
2 67.130000 11.611800 2
2 89.090000 2.363700 2
1 30.070000 97.469400 1
2 57.380000 37.769000 1
2 95.510000 38.733900 2
1 19.390000 66.148800 2
1 1.800000 90.408400 1
1 18.940000 94.271900 1
2 92.410000 38.513200 1
2 34.370000 18.912900 1
1 19.570000 60.057900 2
2 54.630000 18.017000 2
1 4.250000 89.566000 2
1 11.100000 67.415500 2
1 45.780000 90.849500 2
2 48.710000 47.636300 1
1 25.780000 65.203400 1
1 79.030000 95.242800 1
1 14.660000 52.012700 2
2 56.520000 33.853600 1
1 14.290000 73.568600 2
2 92.450000 6.255400 2
1 11.830000 94.934300 1
2 49.450000 25.967600 2
1 16.600000 50.835500 2
2 76.980000 21.012000 2
1 53.720000 90.781100 2
1 1.570000 86.070800 2
2 87.920000 26.712800 2
2 45.810000 42.595800 2
1 64.610000 71.049500 2
1 16.000000 97.251700 1
1 40.770000 93.931000 1
1 55.620000 63.676000 2
2 82.950000 44.194600 2
2 49.160000 13.843900 2
1 3.440000 84.671200 1
1 87.570000 98.140500 2
1 17.780000 53.845400 2
1 21.980000 91.378800 1
2 43.910000 18.801600 2
2 42.580000 27.040900 2
1 38.990000 67.305100 2
1 9.350000 83.637000 2
1 5.820000 61.714600 1
1 88.930000 94.154500 2
1 27.350000 80.948200 1
2 83.830000 25.708100 1
2 70.770000 19.247700 2
1 7.010000 77.972500 1
2 91.610000 12.625400 2
2 51.800000 48.167300 2
2 43.750000 23.761500 2
2 95.570000 23.864200 2
2 36.150000 15.631000 2
1 21.080000 92.468700 1
1 27.190000 51.371200 1
2 90.870000 18.591600 2
2 72.500000 7.258000 1
2 60.950000 17.852800 2
1 50.810000 58.263000 2
2 42.260000 18.401300 2
2 62.600000 30.813200 2
1 34.180000 75.133400 1
1 13.610000 93.131100 1
1 66.500000 92.699200 2
1 46.580000 71.004100 1
2 50.230000 28.643000 2
2 37.200000 1.168900 2
2 37.690000 25.211000 2
2 48.220000 34.077200 2
2 76.540000 30.957800 2
1 55.990000 77.804000 1
2 51.450000 18.255900 2
1 53.150000 59.478300 1
2 91.450000 17.881300 2
2 31.500000 23.428600 1
2 57.480000 33.203400 1
1 26.630000 91.823500 1
1 43.120000 78.849100 1
1 41.060000 67.986400 1
2 57.030000 13.587800 2
1 23.360000 50.737000 2
1 5.580000 63.978000 1
2 47.840000 15.507300 2
2 68.210000 25.406100 2
2 44.760000 3.293000 2
1 69.040000 73.540100 1
1 49.680000 78.665900 1
1 33.250000 66.216200 1
2 69.420000 15.247500 2
2 77.710000 35.839600 2
2 85.890000 46.889400 2
2 92.000000 9.232400 2
1 30.730000 98.011700 1
1 49.230000 88.747600 1
1 43.430000 51.256400 1
1 56.100000 97.618100 1
2 11.280000 5.801200 2
2 75.090000 30.610900 2
2 67.130000 11.611800 2
2 89.090000 2.363700 2
1 30.070000 97.469400 1
2 57.380000 37.769000 2
2 95.510000 38.733900 2
1 19.390000 66.148800 1
1 1.800000 90.408400 1
1 18.940000 94.271900 1
2 92.410000 38.513200 2
2 34.370000 18.912900 2
1 19.570000 60.057900 2
2 54.630000 18.017000 2
1 4.250000 89.566000 1
1 11.100000 67.415500 1
1 45.780000 90.849500 2
2 48.710000 47.636300 2
1 25.780000 65.203400 1
1 79.030000 95.242800 1
1 14.660000 52.012700 2
2 56.520000 33.853600 2
1 14.290000 73.568600 1
2 92.450000 6.255400 2
1 11.830000 94.934300 1
2 49.450000 25.967600 2
1 16.600000 50.835500 1
2 76.980000 21.012000 2
1 53.720000 90.781100 1
1 1.570000 86.070800 1
2 87.920000 26.712800 2
2 45.810000 42.595800 2
1 64.610000 71.049500 2
1 16.000000 97.251700 1
1 40.770000 93.931000 1
1 55.620000 63.676000 2
2 82.950000 44.194600 2
2 49.160000 13.843900 2
1 3.440000 84.671200 1
1 87.570000 98.140500 2
1 17.780000 53.845400 2
1 21.980000 91.378800 2
2 43.910000 18.801600 2
2 42.580000 27.040900 2
1 38.990000 67.305100 2
1 9.350000 83.637000 1
1 5.820000 61.714600 2
1 88.930000 94.154500 2
1 27.350000 80.948200 1
2 83.830000 25.708100 2
2 70.770000 19.247700 2
1 7.010000 77.972500 1
2 91.610000 12.625400 2
2 51.800000 48.167300 2
2 43.750000 23.761500 2
2 95.570000 23.864200 2
2 36.150000 15.631000 2
1 21.080000 92.468700 1
1 27.190000 51.371200 1
2 90.870000 18.591600 2
2 72.500000 7.258000 2
2 60.950000 17.852800 2
1 50.810000 58.263000 2
2 42.260000 18.401300 2
2 62.600000 30.813200 2
1 34.180000 75.133400 1
1 13.610000 93.131100 1
1 66.500000 92.699200 1
1 46.580000 71.004100 1
2 50.230000 28.643000 2
2 37.200000 1.168900 2
2 37.690000 25.211000 2
2 48.220000 34.077200 2
2 76.540000 30.957800 2
1 55.990000 77.804000 1
2 51.450000 18.255900 2
1 53.150000 59.478300 1
2 91.450000 17.881300 2
2 31.500000 23.428600 2
2 57.480000 33.203400 2
1 26.630000 91.823500 1
1 43.120000 78.849100 1
1 41.060000 67.986400 1
2 57.030000 13.587800 2
1 23.360000 50.737000 2
1 5.580000 63.978000 1
2 47.840000 15.507300 2
2 68.210000 25.406100 2
2 44.760000 3.293000 2
1 69.040000 73.540100 1
1 49.680000 78.665900 1
1 33.250000 66.216200 1
2 69.420000 15.247500 2
2 77.710000 35.839600 2
2 85.890000 46.889400 2
2 92.000000 9.232400 2
1 30.730000 98.011700 1
1 49.230000 88.747600 1
1 43.430000 51.256400 1
1 56.100000 97.618100 1
2 11.280000 5.801200 2
2 75.090000 30.610900 2
2 67.130000 11.611800 2
2 89.090000 2.363700 2
1 30.070000 97.469400 1
2 57.380000 37.769000 2
2 95.510000 38.733900 1
1 19.390000 66.148800 1
1 1.800000 90.408400 1
1 18.940000 94.271900 2
2 92.410000 38.513200 2
2 34.370000 18.912900 2
1 19.570000 60.057900 2
2 54.630000 18.017000 2
1 4.250000 89.566000 1
1 11.100000 67.415500 1
1 45.780000 90.849500 1
2 48.710000 47.636300 1
1 25.780000 65.203400 1
1 79.030000 95.242800 1
1 14.660000 52.012700 2
2 56.520000 33.853600 2
1 14.290000 73.568600 1
2 92.450000 6.255400 2
1 11.830000 94.934300 1
2 49.450000 25.967600 2
1 16.600000 50.835500 2
2 76.980000 21.012000 2
1 53.720000 90.781100 2
1 1.570000 86.070800 1
2 87.920000 26.712800 2
2 45.810000 42.595800 2
1 64.610000 71.049500 2
1 16.000000 97.251700 1
1 40.770000 93.931000 1
1 55.620000 63.676000 1
2 82.950000 44.194600 2
2 49.160000 13.843900 2
1 3.440000 84.671200 1
1 87.570000 98.140500 1
1 17.780000 53.845400 1
1 21.980000 91.378800 1
2 43.910000 18.801600 2
2 42.580000 27.040900 2
1 38.990000 67.305100 2
1 9.350000 83.637000 1
1 5.820000 61.714600 1
1 88.930000 94.154500 1
1 27.350000 80.948200 1
2 83.830000 25.708100 2
2 70.770000 19.247700 2
1 7.010000 77.972500 1
2 91.610000 12.625400 2
2 51.800000 48.167300 2
2 43.750000 23.761500 2
2 95.570000 23.864200 2
2 36.150000 15.631000 2
1 21.080000 92.468700 1
1 27.190000 51.371200 2
2 90.870000 18.591600 2
2 72.500000 7.258000 2
2 60.950000 17.852800 2
1 50.810000 58.263000 2
2 42.260000 18.401300 2
2 62.600000 30.813200 2
1 34.180000 75.133400 1
1 13.610000 93.131100 1
1 66.500000 92.699200 1
1 46.580000 71.004100 2
2 50.230000 28.643000 1
2 37.200000 1.168900 2
2 37.690000 25.211000 2
2 48.220000 34.077200 2
2 76.540000 30.957800 2
1 55.990000 77.804000 2
2 51.450000 18.255900 2
1 53.150000 59.478300 1
2 91.450000 17.881300 2
2 31.500000 23.428600 2
2 57.480000 33.203400 2
2 63.990000 27.168800 2
2 88.680000 84.014100 2
2 72.160000 29.675000 2
2 76.760000 8.701800 2
2 51.680000 22.758300 2
2 96.890000 84.558500 1
1 48.930000 84.388100 1
1 26.270000 59.451700 2
2 75.390000 59.564000 2
1 36.610000 38.814100 2
1 29.210000 64.655200 1
2 91.850000 20.212400 2
1 3.430000 6.202300 1
1 17.700000 94.604000 1
2 89.940000 23.618700 2
2 82.300000 47.065100 2
1 0.540000 45.752100 1
2 93.470000 16.490200 1
2 86.630000 4.888400 2
1 17.270000 50.635200 1
2 66.000000 12.094800 2
2 63.120000 16.223800 2
2 68.980000 20.548700 2
2 80.410000 52.887000 2
1 16.600000 50.835500 1
2 68.280000 46.864700 2
2 93.620000 78.866500 2
1 28.570000 41.686000 2
2 94.450000 49.193400 2
1 32.920000 92.151100 1
2 81.930000 14.897300 2
2 84.590000 35.582800 2
2 82.820000 25.869100 2
1 45.290000 76.515800 2
1 20.350000 23.912500 1
1 28.840000 43.286900 1
2 91.750000 48.568900 2
1 46.610000 86.090100 2
2 98.150000 14.153200 2
2 61.440000 19.402700 2
1 24.750000 78.166400 1
1 10.960000 36.202400 1
2 92.860000 44.573500 2
1 27.770000 29.264200 1
2 61.590000 44.663500 2
2 97.400000 85.126100 2
1 15.820000 56.403100 1
1 15.410000 51.598000 1
1 16.140000 76.557400 1
2 72.410000 42.446000 2
1 37.880000 88.348700 1
1 8.080000 15.320800 1
2 65.660000 4.131900 2
1 24.660000 73.441300 1
2 70.170000 22.415100 2
1 46.720000 85.253300 2
2 66.500000 7.266600 2
2 89.650000 69.191000 2
2 97.060000 69.955700 2
1 30.950000 88.232800 1
2 77.560000 18.035500 2
2 70.770000 19.247700 2
2 81.230000 6.912400 2
1 19.680000 30.601800 1
1 31.600000 60.040400 1
1 4.520000 49.565300 2
2 50.190000 31.801000 2
2 66.910000 36.042300 2
2 67.540000 48.744300 2
2 72.390000 1.004300 2
1 18.440000 51.699200 1
1 13.400000 81.098400 1
2 54.350000 31.526100 2
1 22.720000 69.592700 1
2 51.210000 15.695200 2
1 26.390000 78.167500 1
2 72.840000 42.409200 2
1 30.860000 66.874100 1
2 59.380000 43.369300 2
1 16.700000 76.945400 1
2 87.980000 60.663500 2
2 79.840000 32.157300 2
1 33.720000 90.747300 1
2 98.530000 65.744900 2
2 84.060000 23.507200 2
1 35.000000 82.266900 1
2 53.230000 23.168000 2
2 73.070000 1.728300 2
1 6.100000 85.297400 1
1 24.960000 62.411600 1
1 9.440000 23.409900 1
2 71.470000 7.005400 2
1 23.110000 55.882300 1
1 28.060000 92.213000 1
1 25.090000 49.526000 1
2 85.930000 1.199800 2
2 74.290000 65.894200 2
2 84.980000 48.964100 2
2 84.860000 41.012300 2
2 54.720000 4.849300 1
2 63.990000 27.168800 2
2 88.680000 84.014100 2
2 72.160000 29.675000 2
2 76.760000 8.701800 2
2 51.680000 22.758300 2
2 96.890000 84.558500 2
1 48.930000 84.388100 2
1 26.270000 59.451700 1
2 75.390000 59.564000 1
1 36.610000 38.814100 1
1 29.210000 64.655200 1
2 91.850000 20.212400 2
1 3.430000 6.202300 1
1 17.700000 94.604000 1
2 89.940000 23.618700 2
2 82.300000 47.065100 1
1 0.540000 45.752100 1
2 93.470000 16.490200 2
2 86.630000 4.888400 2
1 17.270000 50.635200 1
2 66.000000 12.094800 2
2 63.120000 16.223800 2
2 68.980000 20.548700 2
2 80.410000 52.887000 2
1 16.600000 50.835500 1
2 68.280000 46.864700 2
2 93.620000 78.866500 2
1 28.570000 41.686000 1
2 94.450000 49.193400 2
1 32.920000 92.151100 1
2 81.930000 14.897300 2
2 84.590000 35.582800 2
2 82.820000 25.869100 2
1 45.290000 76.515800 2
1 20.350000 23.912500 1
1 28.840000 43.286900 1
2 91.750000 48.568900 2
1 46.610000 86.090100 2
2 98.150000 14.153200 2
2 61.440000 19.402700 2
1 24.750000 78.166400 1
1 10.960000 36.202400 1
2 92.860000 44.573500 2
1 27.770000 29.264200 1
2 61.590000 44.663500 2
2 97.400000 85.126100 2
1 15.820000 56.403100 1
1 15.410000 51.598000 1
1 16.140000 76.557400 1
2 72.410000 42.446000 2
1 37.880000 88.348700 1
1 8.080000 15.320800 1
2 65.660000 4.131900 2
1 24.660000 73.441300 1
2 70.170000 22.415100 2
1 46.720000 85.253300 2
2 66.500000 7.266600 2
2 89.650000 69.191000 2
2 97.060000 69.955700 2
1 30.950000 88.232800 1
2 77.560000 18.035500 2
2 70.770000 19.247700 2
2 81.230000 6.912400 2
1 19.680000 30.601800 1
1 31.600000 60.040400 1
1 4.520000 49.565300 1
2 50.190000 31.801000 2
2 66.910000 36.042300 2
2 67.540000 48.744300 2
2 72.390000 1.004300 2
1 18.440000 51.699200 1
1 13.400000 81.098400 1
2 54.350000 31.526100 2
1 22.720000 69.592700 1
2 51.210000 15.695200 2
1 26.390000 78.167500 1
2 72.840000 42.409200 2
1 30.860000 66.874100 1
2 59.380000 43.369300 2
1 16.700000 76.945400 1
2 87.980000 60.663500 2
2 79.840000 32.157300 2
1 33.720000 90.747300 1
2 98.530000 65.744900 2
2 84.060000 23.507200 2
1 35.000000 82.266900 1
2 53.230000 23.168000 2
2 73.070000 1.728300 2
1 6.100000 85.297400 1
1 24.960000 62.411600 1
1 9.440000 23.409900 1
2 71.470000 7.005400 2
1 23.110000 55.882300 1
1 28.060000 92.213000 1
1 25.090000 49.526000 1
2 85.930000 1.199800 1
2 74.290000 65.894200 2
2 84.980000 48.964100 2
2 84.860000 41.012300 2
2 54.720000 4.849300 2
2 63.990000 27.168800 2
2 88.680000 84.014100 2
2 72.160000 29.675000 2
2 76.760000 8.701800 2
2 51.680000 22.758300 2
2 96.890000 84.558500 2
1 48.930000 84.388100 2
1 26.270000 59.451700 2
2 75.390000 59.564000 2
1 36.610000 38.814100 1
1 29.210000 64.655200 1
2 91.850000 20.212400 2
1 3.430000 6.202300 1
1 17.700000 94.604000 1
2 89.940000 23.618700 2
2 82.300000 47.065100 2
1 0.540000 45.752100 1
2 93.470000 16.490200 2
2 86.630000 4.888400 2
1 17.270000 50.635200 2
2 66.000000 12.094800 2
2 63.120000 16.223800 2
2 68.980000 20.548700 2
2 80.410000 52.887000 2
1 16.600000 50.835500 1
2 68.280000 46.864700 2
2 93.620000 78.866500 2
1 28.570000 41.686000 1
2 94.450000 49.193400 2
1 32.920000 92.151100 1
2 81.930000 14.897300 2
2 84.590000 35.582800 2
2 82.820000 25.869100 2
1 45.290000 76.515800 2
1 20.350000 23.912500 1
1 28.840000 43.286900 1
2 91.750000 48.568900 2
1 46.610000 86.090100 1
2 98.150000 14.153200 2
2 61.440000 19.402700 2
1 24.750000 78.166400 1
1 10.960000 36.202400 1
2 92.860000 44.573500 2
1 27.770000 29.264200 1
2 61.590000 44.663500 1
2 97.400000 85.126100 2
1 15.820000 56.403100 1
1 15.410000 51.598000 1
1 16.140000 76.557400 1
2 72.410000 42.446000 2
1 37.880000 88.348700 1
1 8.080000 15.320800 1
2 65.660000 4.131900 2
1 24.660000 73.441300 1
2 70.170000 22.415100 2
1 46.720000 85.253300 1
2 66.500000 7.266600 2
2 89.650000 69.191000 2
2 97.060000 69.955700 2
1 30.950000 88.232800 1
2 77.560000 18.035500 2
2 70.770000 19.247700 2
2 81.230000 6.912400 2
1 19.680000 30.601800 1
1 31.600000 60.040400 1
1 4.520000 49.565300 1
2 50.190000 31.801000 2
2 66.910000 36.042300 2
2 67.540000 48.744300 2
2 72.390000 1.004300 2
1 18.440000 51.699200 1
1 13.400000 81.098400 1
2 54.350000 31.526100 2
1 22.720000 69.592700 1
2 51.210000 15.695200 2
1 26.390000 78.167500 1
2 72.840000 42.409200 2
1 30.860000 66.874100 1
2 59.380000 43.369300 2
1 16.700000 76.945400 1
2 87.980000 60.663500 2
2 79.840000 32.157300 2
1 33.720000 90.747300 1
2 98.530000 65.744900 2
2 84.060000 23.507200 2
1 35.000000 82.266900 1
2 53.230000 23.168000 2
2 73.070000 1.728300 2
1 6.100000 85.297400 1
1 24.960000 62.411600 1
1 9.440000 23.409900 1
2 71.470000 7.005400 2
1 23.110000 55.882300 1
1 28.060000 92.213000 1
1 25.090000 49.526000 1
2 85.930000 1.199800 2
2 74.290000 65.894200 2
2 84.980000 48.964100 2
2 84.860000 41.012300 2
2 54.720000 4.849300 1
1 36.740000 44.651600 2
1 52.900000 73.212200 2
2 75.950000 44.727600 2
2 13.050000 11.899500 1
1 5.420000 24.391700 1
1 10.490000 93.468700 1
2 75.860000 23.520600 2
2 60.830000 37.319800 2
2 71.470000 20.762600 2
1 59.410000 99.563700 2
2 60.490000 29.369900 2
2 93.490000 73.413500 1
1 7.490000 72.212500 1
1 51.340000 80.331900 1
1 52.670000 85.885500 1
1 18.460000 32.290200 2
2 37.560000 26.827700 2
2 11.540000 7.204700 1
2 90.860000 40.264100 2
1 26.710000 46.015500 2
2 82.130000 2.469400 2
2 78.440000 10.534300 2
1 71.400000 75.661400 2
1 10.140000 50.644800 1
1 8.920000 11.742300 1
1 1.220000 26.566700 2
1 18.890000 26.876800 1
1 43.370000 89.601200 1
1 3.470000 55.046000 1
2 51.020000 20.232000 2
1 71.660000 96.364000 1
2 37.250000 11.059400 2
2 64.220000 57.822800 1
1 41.510000 62.167000 1
1 60.500000 95.876700 1
2 94.480000 54.362700 2
1 28.410000 42.478500 2
2 69.680000 60.447200 2
1 15.570000 64.902100 1
1 10.310000 98.846200 1
2 85.820000 52.792500 2
1 76.830000 93.887600 1
1 66.970000 89.386400 1
2 41.080000 1.953400 2
1 22.540000 75.641100 1
2 82.840000 73.166700 2
1 5.690000 21.516800 1
2 56.260000 37.299200 2
1 18.060000 55.044900 2
2 48.500000 29.124700 2
2 77.000000 58.473900 2
2 99.040000 51.217500 2
2 50.060000 42.361700 2
2 16.310000 13.393500 1
2 58.560000 36.013100 2
2 48.480000 32.277400 2
2 81.890000 79.483000 1
1 52.080000 80.248800 2
2 87.570000 7.859600 2
2 39.410000 3.544000 2
1 0.300000 9.126700 1
1 46.220000 82.287400 1
2 94.280000 60.955500 1
1 51.200000 76.842700 2
1 10.880000 69.979000 1
2 84.310000 72.959700 2
2 72.590000 31.128200 2
2 56.750000 16.380000 2
1 62.930000 75.499100 2
2 83.340000 43.208600 2
1 15.120000 83.999900 1
2 49.830000 15.040600 2
1 68.210000 70.847200 2
1 8.260000 24.076300 1
2 99.040000 66.794800 2
2 11.280000 9.721000 1
2 88.680000 84.014100 2
1 48.900000 56.449400 2
2 66.860000 46.764700 2
2 62.930000 30.057000 1
2 83.420000 3.952400 2
2 42.370000 24.386600 2
2 34.690000 17.678300 2
2 47.280000 44.277100 2
1 32.910000 96.146000 1
1 39.450000 55.119500 2
2 39.370000 26.164500 2
1 29.240000 57.157300 2
1 31.520000 53.237700 2
1 84.710000 88.626000 2
1 64.860000 77.977000 1
1 5.330000 92.866000 1
1 22.450000 93.618600 1
1 6.210000 26.721800 2
1 40.760000 90.389800 1
2 26.110000 1.493100 1
2 91.620000 47.732600 2
1 45.980000 48.711700 2
2 22.360000 12.359900 1
1 21.430000 49.046500 1
1 36.740000 44.651600 2
1 52.900000 73.212200 2
2 75.950000 44.727600 1
2 13.050000 11.899500 1
1 5.420000 24.391700 2
1 10.490000 93.468700 2
2 75.860000 23.520600 2
2 60.830000 37.319800 2
2 71.470000 20.762600 2
1 59.410000 99.563700 1
2 60.490000 29.369900 2
2 93.490000 73.413500 2
1 7.490000 72.212500 1
1 51.340000 80.331900 2
1 52.670000 85.885500 1
1 18.460000 32.290200 1
2 37.560000 26.827700 2
2 11.540000 7.204700 1
2 90.860000 40.264100 2
1 26.710000 46.015500 2
2 82.130000 2.469400 2
2 78.440000 10.534300 2
1 71.400000 75.661400 1
1 10.140000 50.644800 1
1 8.920000 11.742300 2
1 1.220000 26.566700 1
1 18.890000 26.876800 1
1 43.370000 89.601200 1
1 3.470000 55.046000 1
2 51.020000 20.232000 2
1 71.660000 96.364000 1
2 37.250000 11.059400 2
2 64.220000 57.822800 1
1 41.510000 62.167000 2
1 60.500000 95.876700 1
2 94.480000 54.362700 2
1 28.410000 42.478500 2
2 69.680000 60.447200 2
1 15.570000 64.902100 1
1 10.310000 98.846200 1
2 85.820000 52.792500 2
1 76.830000 93.887600 1
1 66.970000 89.386400 1
2 41.080000 1.953400 2
1 22.540000 75.641100 1
2 82.840000 73.166700 1
1 5.690000 21.516800 1
2 56.260000 37.299200 2
1 18.060000 55.044900 1
2 48.500000 29.124700 2
2 77.000000 58.473900 2
2 99.040000 51.217500 2
2 50.060000 42.361700 2
2 16.310000 13.393500 1
2 58.560000 36.013100 2
2 48.480000 32.277400 2
2 81.890000 79.483000 1
1 52.080000 80.248800 1
2 87.570000 7.859600 2
2 39.410000 3.544000 2
1 0.300000 9.126700 1
1 46.220000 82.287400 2
2 94.280000 60.955500 2
1 51.200000 76.842700 2
1 10.880000 69.979000 1
2 84.310000 72.959700 2
2 72.590000 31.128200 2
2 56.750000 16.380000 2
1 62.930000 75.499100 2
2 83.340000 43.208600 2
1 15.120000 83.999900 1
2 49.830000 15.040600 2
1 68.210000 70.847200 1
1 8.260000 24.076300 1
2 99.040000 66.794800 2
2 11.280000 9.721000 1
2 88.680000 84.014100 2
1 48.900000 56.449400 2
2 66.860000 46.764700 1
2 62.930000 30.057000 2
2 83.420000 3.952400 2
2 42.370000 24.386600 1
2 34.690000 17.678300 2
2 47.280000 44.277100 2
1 32.910000 96.146000 2
1 39.450000 55.119500 2
2 39.370000 26.164500 1
1 29.240000 57.157300 1
1 31.520000 53.237700 1
1 84.710000 88.626000 2
1 64.860000 77.977000 1
1 5.330000 92.866000 1
1 22.450000 93.618600 1
1 6.210000 26.721800 1
1 40.760000 90.389800 1
2 26.110000 1.493100 2
2 91.620000 47.732600 2
1 45.980000 48.711700 1
2 22.360000 12.359900 1
1 21.430000 49.046500 1
